# maturity time: 7.59126984126984
# model size: 3# number of dates: 1914
# spot: 2641.120117 1563.77002 22311.080078 
# dividend rate: 0.000000 0.000000 0.000000
# correlation: 0.2
# volatility: 0.182308760265319 0.12674618597894 0.188693125383548 
2641.120117 1563.77002 22311.080078 
2612.459961 1562.849976 22464.820313 
2624.02002 1569.189941 22299.630859 
2679.800049 1570.25 22367.820313 
2639.01001 1553.689941 22337.490234 
2585.280029 1553.280029 21726.900391 
2589.25 1563.069946 21718.050781 
2595.129883 1568.609985 21870.339844 
2661.620117 1587.72998 22034.560547 
2674.330078 1593.369995 22101.269531 
2633.469971 1588.849976 22089.050781 
2624.709961 1552.359985 21772.669922 
2609.300049 1574.569946 21672.029297 
2553.48999 1552.01001 21569.669922 
2555.5 1541.609985 21512.519531 
2575.159912 1555.25 22013.570313 
2583.620117 1562.5 22044.369141 
2662.879883 1578.780029 21806.609375 
2702.050049 1578.790039 22183.050781 
2704.409912 1585.160034 22401.240234 
2683.429932 1582.23999 22547.710938 
2717.379883 1593.609985 22580.769531 
2712 1597.569946 22737.009766 
2718.899902 1597.589966 22668.300781 
2763.679932 1614.420044 22689.960938 
2750.52002 1617.5 22915.089844 
2769.080078 1625.959961 23047.089844 
2784.620117 1632.689941 23244.349609 
2785.23999 1633.699951 23321.220703 
2777.389893 1633.77002 22989.810547 
2795.629883 1650.339966 22930.279297 
2809.580078 1658.780029 23044.240234 
2806.699951 1650.469971 23082.679688 
2821.649902 1669.160034 23366.369141 
2835.01001 1655.349976 23261.080078 
2776.780029 1650.51001 22669.679688 
2764.290039 1649.599976 22618.669922 
2835.870117 1660.060059 22924.25 
2786.540039 1648.359985 22554.929688 
2799.199951 1654.410034 22484.310547 
2769.639893 1630.73999 22392.160156 
2747.73999 1640.420044 22282.189453 
2755.699951 1631.380005 22285.519531 
2709.330078 1608.900024 22069.240234 
2676.209961 1622.560059 21838.429688 
2724.080078 1643.380005 21575.259766 
2719.399902 1642.810059 21615.089844 
2683.199951 1626.130005 21354.660156 
2661.709961 1636.359985 20887.039063 
2667.320068 1626.72998 20969.140625 
2702.689941 1639.040039 21225.900391 
2700.929932 1651.810059 21225.880859 
2683.97998 1628.930054 20986.890625 
2586.449951 1588.189941 20382.869141 
2549.47998 1592.430054 20263.310547 
2511.830078 1573.089966 19813.980469 
2543.370117 1588.030029 19855.720703 
2602.810059 1603.26001 20338.550781 
2619.860107 1613.199951 20440.080078 
2602.590088 1606.280029 20803.289063 
2603.199951 1614.079956 20658.650391 
2570.76001 1615.410034 20147.310547 
2596.01001 1631.890015 20854.669922 
2650.850098 1640.459961 20582.189453 
2664.139893 1652.319946 20683.009766 
2659.709961 1652.619995 20904.560547 
2681.320068 1675.02002 21437.490234 
2674.870117 1680.189941 21277.279297 
2686.689941 1682.5 21303.310547 
2665.610107 1676.26001 21312.380859 
2681.879883 1680.910034 21371.869141 
2717.98999 1689.369995 21345.220703 
2716.169922 1692.089966 21362.419922 
2725.399902 1695.530029 21416.5 
2722.899902 1692.390015 21915.419922 
2752.25 1685.939941 21968.929688 
2740.290039 1690.25 21900.960938 
2741.959961 1691.650024 21968.949219 
2741.72998 1685.329956 21850.150391 
2759.209961 1685.959961 21953.960938 
2768.149902 1685.72998 21883.660156 
2811 1709.670044 22190.970703 
2809.080078 1707.140015 22222.009766 
2790.780029 1697.369995 21923.699219 
2794.439941 1690.910034 21588.839844 
2816.879883 1697.47998 21655.880859 
2825.620117 1691.420044 21807.560547 
2827.149902 1689.469971 22271.279297 
2841.610107 1694.160034 22541.130859 
2835.860107 1661.319946 22539.25 
2854.27002 1655.829956 22517.810547 
2823.350098 1646.060059 22463.699219 
2787.97998 1652.349976 21970.289063 
2774.580078 1642.800049 21817.730469 
2812.320068 1656.959961 21895.400391 
2826.050049 1663.5 21863.509766 
2821.449951 1656.780029 22005.320313 
2749.27002 1630.47998 21874.769531 
2742.610107 1634.959961 21524.650391 
2758.310059 1638.170044 21704.779297 
2721.370117 1632.969971 21731.369141 
2753.350098 1639.77002 22394.580078 
2758.290039 1653.079956 22326.220703 
2774.199951 1655.079956 22597.970703 
2803.419922 1655.170044 22621.220703 
2798.310059 1671.709961 22750.650391 
2851.399902 1683.98999 22976.650391 
2863.439941 1689.130005 22937.140625 
2862.070068 1683.420044 22953.720703 
2867.110107 1687.98999 22915.279297 
2894.639893 1697.599976 23252.410156 
2890.949951 1704.76001 23180.519531 
2908.919922 1725.52002 23117.449219 
2936.199951 1722.339966 23502.509766 
2906.350098 1701.839966 23371.539063 
2922.929932 1697.420044 23179.039063 
2927.350098 1692.77002 23209.630859 
2922.98999 1698.670044 23125.029297 
2919.340088 1691.75 23207.039063 
2893.149902 1681.550049 22859.859375 
2918.310059 1693.869995 22984.480469 
2902.120117 1678.660034 23214.400391 
2928.310059 1690.5 23138.539063 
2923.040039 1676.119995 22973.949219 
2903.350098 1655.449951 23178.849609 
2904.72998 1656.400024 23033.970703 
2969.409912 1692.560059 22951.300781 
2974.280029 1703.199951 23218.320313 
3004.560059 1698.060059 23336.519531 
3015.399902 1721.540039 23228.330078 
3010.389893 1733.150024 23094.880859 
3033.310059 1744.5 23340.099609 
3028.649902 1744.660034 23438.150391 
3045.77002 1754.670044 23315.990234 
3017.159912 1746.380005 22999.949219 
3038.959961 1752.069946 22835.820313 
3034.5 1759.77002 22698.339844 
3022.040039 1762.109985 22806.580078 
3050.639893 1771.949951 22846.539063 
3040.689941 1763.310059 23304.019531 
3067.949951 1756.540039 23206.369141 
3052.139893 1761.640015 23249.789063 
3061.179932 1767.930054 23189.619141 
3035.919922 1762.969971 23038.949219 
3056.399902 1770.48999 23036.939453 
3042.97998 1747.150024 22881.029297 
3034.909912 1770.609985 22744.390625 
3052.830078 1771.890015 23069.849609 
3034.679932 1767.689941 22901.410156 
3021.169922 1782 22463.830078 
3053.689941 1790.619995 22649.150391 
3054.530029 1798.180054 23032.150391 
3081.300049 1791.530029 23660.060547 
3049.169922 1787.869995 23657.810547 
3047.320068 1781.369995 23700.859375 
3044.340088 1795.849976 23580.289063 
3055.97998 1804.76001 23696.279297 
3072.75 1802.47998 23684.449219 
3062.620117 1802.75 23681.279297 
3082.649902 1807.22998 23806.349609 
3086.639893 1805.810059 23881.289063 
3077.22998 1800.900024 24038.550781 
3013.879883 1795.150024 23910.470703 
2991.76001 1792.810059 23728.699219 
2953.169922 1785.030029 23712.570313 
2979.939941 1805.089966 23743.099609 
2988.669922 1808.369995 23811.169922 
2960.860107 1802.619995 23744.189453 
2947.310059 1782.219971 23338.240234 
2928.120117 1775.5 23218.119141 
2921.919922 1775.319946 23245.960938 
2978.77002 1786.540039 23114.660156 
2941.76001 1781 23069.230469 
2975.090088 1810.650024 23143.820313 
3014.699951 1809.599976 22888.75 
3049.350098 1818.319946 22812.179688 
3070.909912 1827.98999 22921.560547 
3111.370117 1841.400024 23243.240234 
3100.929932 1841.069946 23244.869141 
3074.429932 1831.369995 22817.279297 
3069.159912 1826.77002 22684.150391 
3110.959961 1837.880005 22712.779297 
3110.659912 1837.48999 22996.589844 
3090.26001 1838.130005 22787.330078 
3104.149902 1842.369995 22846.25 
3111.939941 1819.199951 22888.759766 
3119.530029 1838.880005 22791.279297 
3168.76001 1848.380005 22902 
3150.199951 1845.890015 22986.410156 
3154.100098 1838.699951 23133.349609 
3153.080078 1843.800049 23033.119141 
3151.27002 1844.859985 23082.25 
3117.080078 1828.459961 22733.900391 
3028.199951 1790.290039 22450.060547 
3014.620117 1781.560059 21976.099609 
3038.600098 1792.5 21960.640625 
3011.449951 1774.199951 22141.609375 
3027.300049 1794.189941 22035.419922 
2962.48999 1755.199951 21397.769531 
2962.51001 1751.640015 21269.380859 
3010.790039 1773.430054 21423.130859 
3038.48999 1797.02002 21636.849609 
3032.530029 1799.839966 21579.259766 
3077.080078 1819.75 21962.980469 
3094.889893 1819.26001 22285.789063 
3097.949951 1829.829956 22165.529297 
3119.060059 1838.630005 22298.410156 
3117.439941 1840.76001 22587.720703 
3120.800049 1828.75 22664.519531 
3121.590088 1839.780029 22394.080078 
3131.669922 1836.25 22568.240234 
3157.310059 1847.609985 22388.560547 
3157.47998 1845.119995 22317.199219 
3148.189941 1845.160034 22437.439453 
3134.939941 1854.290039 22828.179688 
3149.22998 1859.449951 22836.960938 
3053.98999 1845.72998 22500.669922 
3136.330078 1873.910034 22657.630859 
3135.969971 1873.810059 22579.779297 
3144.530029 1877.030029 22702.970703 
3095.310059 1878.040039 22660.490234 
3092.790039 1877.170044 22264.929688 
3092.550049 1867.630005 22269.609375 
3065.459961 1868.199951 21901.949219 
3019.540039 1846.339966 21756.080078 
3004.639893 1841.130005 21539.490234 
3049.189941 1858.829956 21473.949219 
3073.75 1872.25 21583.5 
3076.360107 1860.77002 21568.689453 
3088.899902 1872.01001 21182.160156 
3096.48999 1866.52002 21436.699219 
3052.909912 1857.439941 21846.449219 
3096.639893 1865.619995 21732.320313 
3130.169922 1852.560059 21887.75 
3133.75 1849.040039 21834.449219 
3172.429932 1857.619995 22065.529297 
3161.600098 1872.339966 22151.060547 
3186.340088 1885.52002 22448.539063 
3187.449951 1890.900024 22523.939453 
3206.76001 1888.77002 22565.080078 
3230.330078 1865.089966 22510.080078 
3185.969971 1845.040039 22377.150391 
3177.659912 1851.959961 22596.970703 
3182.790039 1872.180054 22843.169922 
3152.860107 1833.079956 23186.960938 
3116.540039 1815.689941 23003.640625 
3131.570068 1830.609985 23038.800781 
3091.52002 1842.97998 22671.259766 
3139.26001 1862.310059 22696.009766 
3155.810059 1864.849976 22760.240234 
3199.689941 1879.550049 22730.679688 
3175.969971 1875.390015 22509.640625 
3189.810059 1878.609985 22562.800781 
3147.399902 1863.400024 22223.529297 
3165.840088 1869.430054 22132.529297 
3208.679932 1878.329956 22453.890625 
3198.389893 1883.949951 22133.970703 
3177.889893 1881.140015 22260.669922 
3171.290039 1884.660034 21976.330078 
3159.669922 1878.209961 21746.259766 
3204.300049 1875.630005 21837.119141 
3184.090088 1878.47998 21862.990234 
3206.969971 1896.650024 22261.609375 
3211.780029 1897.449951 22352.380859 
3210.419922 1888.530029 22582.769531 
3163.219971 1870.849976 22730.859375 
3172.719971 1877.859985 22712.910156 
3169.899902 1885.079956 22704.5 
3163.929932 1872.829956 22834.679688 
3187.080078 1888.030029 22836.519531 
3187.629883 1892.48999 22953.759766 
3203.280029 1900.530029 22965.859375 
3244.280029 1911.910034 22944.300781 
3246.23999 1909.780029 23080.029297 
3244.600098 1923.569946 23081.650391 
3241.040039 1924.23999 23291.039063 
3237.929932 1927.880005 23151.710938 
3267.050049 1940.459961 23109.660156 
3294.280029 1949.439941 22951 
3313.800049 1950.790039 23315.740234 
3289.090088 1943.890015 23257.289063 
3284.280029 1930.109985 23175.019531 
3282.840088 1936.160034 23319.169922 
3261.419922 1937.780029 23300.669922 
3275.330078 1941.98999 23203.589844 
3279.199951 1956.97998 23181.720703 
3314.800049 1959.47998 23167.730469 
3302.360107 1962.869995 23194.060547 
3282.580078 1962.609985 22804.810547 
3284.810059 1949.97998 22880.640625 
3252.310059 1959.530029 22866.699219 
3233.189941 1957.219971 23197.830078 
3227.850098 1960.959961 23221.519531 
3228.23999 1960.22998 23190.720703 
3252.25 1974.619995 23549.619141 
3289.75 1985.439941 23531.439453 
3230.919922 1977.650024 23540.919922 
3184.379883 1963.709961 23541.380859 
3203.100098 1972.829956 23176.070313 
3150.590088 1964.680054 23238.990234 
3157.050049 1967.569946 23233.449219 
3185.860107 1977.099976 23346.669922 
3153.75 1973.280029 23459.960938 
3202.939941 1981.569946 23523.279297 
3157.820068 1958.119995 23520.869141 
3164.209961 1978.219971 23454.789063 
3137.060059 1973.630005 23387.140625 
3189.219971 1983.530029 23782.109375 
3193.129883 1987.01001 23971.869141 
3220.070068 1987.97998 24141.5 
3174.98999 1978.339966 24216.009766 
3171.550049 1978.910034 24428.630859 
3190.540039 1969.949951 24640.529297 
3169.22998 1970.069946 24732.210938 
3115.51001 1930.670044 24756.849609 
3070.459961 1938.98999 24600.080078 
3072.199951 1920.209961 24648.259766 
3050.370117 1920.23999 24584.130859 
3012.879883 1909.569946 24387.560547 
3006.830078 1931.589966 24331.410156 
3047.560059 1936.920044 24646.019531 
3023.77002 1933.75 24689.410156 
3056.169922 1946.719971 24890.339844 
3058.159912 1955.180054 24801.359375 
3033.52002 1955.060059 24954.939453 
3073.449951 1971.73999 24955.460938 
3091.110107 1981.599976 25122.949219 
3083.5 1986.51001 25159.759766 
3124.560059 1992.369995 24994.099609 
3098.5 1988.400024 25112.230469 
3165.469971 1997.920044 25166.910156 
3197.540039 2000.02002 25074.5 
3194.449951 2000.119995 24918.75 
3164.439941 1996.73999 24741 
3172.629883 2003.369995 24742.060547 
3180.290039 2002.280029 24749.019531 
3218.840088 2000.719971 25317.949219 
3277.25 1997.650024 25297.919922 
3275.25 2007.709961 25240.150391 
3267.540039 2001.540039 25190.449219 
3244.159912 1995.689941 24705.359375 
3237.76001 1997.449951 24662.640625 
3235.070068 1985.540039 24595.320313 
3231.699951 1984.130005 24356.990234 
3221.72998 1998.97998 24136.009766 
3237.439941 2001.569946 24376.410156 
3271.370117 2011.359985 24168.720703 
3273.25 2010.400024 24306.160156 
3257.47998 1994.290039 23955.490234 
3205.929932 1982.77002 23837.070313 
3244.01001 1998.300049 23921.609375 
3202.310059 1965.98999 23768.130859 
3219.580078 1982.849976 23678.410156 
3186.949951 1977.800049 23229.210938 
3225.929932 1972.290039 22932.980469 
3133.370117 1967.900024 23064.560547 
3138.669922 1964.819946 23315.039063 
3082.100098 1935.099976 23422.519531 
3053.310059 1968.890015 23263.330078 
3042.449951 1928.209961 23534.529297 
2991.5 1906.130005 23088.539063 
2998.320068 1874.73999 23143.380859 
3000.98999 1877.699951 23047.970703 
2892.550049 1862.48999 23140.050781 
2874.649902 1862.76001 22900.939453 
2962.23999 1886.76001 23023.210938 
2927.300049 1904.01001 23070.259766 
2991.459961 1941.280029 23088.580078 
3008.530029 1927.109985 23403.970703 
3044.300049 1950.819946 23333.179688 
3030.370117 1964.579956 23302.199219 
2998.840088 1961.630005 23143.230469 
3036.149902 1985.050049 23520.359375 
3022.419922 1982.300049 23819.869141 
3035.899902 1994.650024 23702.039063 
3113.320068 2018.050049 23998.060547 
3082.320068 2017.810059 23915.970703 
3034.23999 2012.099976 23845.660156 
3091.540039 2023.569946 23695.619141 
3102.070068 2031.209961 23649.310547 
3064.919922 2031.920044 23550.240234 
3094.600098 2038.26001 23744.699219 
3104.590088 2039.680054 23808.279297 
3047.300049 2038.25 23938.179688 
3056.800049 2039.329956 24019.939453 
3059.98999 2039.819946 24087.380859 
3084.790039 2041.319946 23797.080078 
3120.419922 2051.800049 23529.169922 
3123.120117 2048.719971 23373.310547 
3102.209961 2052.75 23349.640625 
3194.219971 2063.5 23437.119141 
3211.699951 2069.409912 23893.140625 
3226.149902 2067.030029 23843.910156 
3226.080078 2072.830078 24111.980469 
3250.929932 2067.560059 23987.449219 
3232.909912 2053.439941 23367.449219 
3238.350098 2066.550049 23654.300781 
3247.719971 2074.330078 23428.619141 
3191.25 2071.919922 23832.560547 
3277.379883 2075.370117 24002.640625 
3247.98999 2060.310059 24047.669922 
3162.77002 2059.820068 23485.830078 
3150.949951 2026.140015 23524.519531 
3159.110107 2035.329956 23312.539063 
3067.320068 2002.329956 23249.199219 
2982.899902 1989.630005 23027.849609 
3049.98999 1972.73999 22670.5 
3051.98999 2012.890015 22585.839844 
3153.77002 2061.22998 22832.210938 
3141.280029 2070.649902 23116.630859 
3154.909912 2078.540039 23408.570313 
3192.469971 2082.169922 23333.689453 
3185.169922 2090.570068 23773.179688 
3135.949951 2080.350098 23501.099609 
3023.139893 2020.579956 23721.320313 
3007.909912 2002.609985 23485.410156 
3026.790039 2025.900024 23681.259766 
3135.080078 2062.139893 23835.529297 
3042.899902 2044.810059 23919.949219 
3084.179932 2028.26001 24026.460938 
3133.860107 2023.030029 24215.970703 
3089.669922 2011.27002 24112.599609 
3157.360107 1992.670044 24350.910156 
3202.23999 2019.420044 24103.519531 
3244.919922 2022.550049 23951.160156 
3269.72998 2032.119995 24352.580078 
3322.649902 2063.149902 24522.630859 
3382.550049 2051.820068 24850.449219 
3414.280029 2057.090088 24909.900391 
3372.580078 2029.550049 24807.279297 
3358.959961 2002.160034 24861.810547 
3371.830078 2021.25 24595.849609 
3351.439941 1994.98999 24507.050781 
3370.110107 2020.849976 24484.740234 
3414.179932 2050.030029 24554.779297 
3415.530029 2041.51001 24679.759766 
3408.959961 2062.52002 24765.490234 
3398.159912 2055.469971 24679.390625 
3347.75 2046.73999 24521 
3383.129883 2068.590088 24528.099609 
3374.139893 2068.530029 24315.019531 
3417.610107 2088.47998 24422.150391 
3447.590088 2096.98999 24682.539063 
3438.439941 2100.340088 24784.880859 
3465.800049 2099.679932 24832.080078 
3519.580078 2109.659912 24836.759766 
3547.100098 2115.47998 24750.070313 
3541.780029 2113.860107 24778.279297 
3574.939941 2110.73999 24902.060547 
3599 2104.5 24823.289063 
3591.090088 2117.389893 24887.439453 
3549.110107 2107.780029 24702.779297 
3583.439941 2098.530029 24465.380859 
3618.209961 2101.040039 24193.039063 
3617.620117 2071.26001 24164 
3610.280029 2079.429932 24123.050781 
3567.25 2044.160034 23896.980469 
3649.540039 2040.23999 23717.970703 
3641.320068 2065.949951 23797.960938 
3656.209961 2053.399902 23823.210938 
3706.75 2081.189941 23949.550781 
3672.159912 2074.280029 23901.490234 
3668.52002 2099.5 24120.080078 
3670.72998 2089.27002 24468.890625 
3726.070068 2108.100098 24375.240234 
3699.040039 2104.419922 24494.509766 
3731.350098 2091.5 24399.599609 
3684.040039 2061.050049 24528.230469 
3669.790039 2056.149902 24497.080078 
3679.030029 2061.02002 24486.199219 
3727.800049 2086.23999 24855.119141 
3697.379883 2067.889893 24900.890625 
3714.889893 2059.689941 25082.75 
3715.27002 2066.959961 25275.640625 
3742.629883 2081.899902 26236.859375 
3781.790039 2091.179932 26944.390625 
3816.76001 2102.060059 27272.390625 
3828.780029 2092.429932 28016.339844 
3784.530029 2095.840088 27561.490234 
3803.550049 2106.629883 27618.820313 
3751.719971 2104.98999 27739.710938 
3674.050049 2081.179932 27653.119141 
3718.040039 2100.399902 27094.929688 
3719.379883 2097.290039 27850.490234 
3724.48999 2107.959961 27933.849609 
3697.879883 2112.929932 27827.699219 
3713.959961 2117.689941 28060.980469 
3771.449951 2108.919922 28433.589844 
3715.419922 2114.76001 28442.75 
3617.110107 2106.850098 28400.339844 
3615.590088 2085.51001 28133 
3632.939941 2114.48999 28123.820313 
3546.560059 2089.459961 27755.539063 
3558.030029 2080.149902 27640.910156 
3556.209961 2088 27289.970703 
3649.47998 2116.100098 27577.339844 
3624.409912 2105.330078 27718.199219 
3573.100098 2099.120117 27407.179688 
3553.419922 2098.47998 27249.279297 
3573.070068 2122.72998 27822.279297 
3589.219971 2129.199951 27591.25 
3670.52002 2127.830078 27693.539063 
3683.47998 2125.850098 27585.050781 
3688.719971 2130.820068 27523.720703 
3679.139893 2126.060059 27992.830078 
3619.300049 2104.199951 28249.859375 
3682.870117 2123.47998 28081.210938 
3650.709961 2120.790039 27454.310547 
3570.780029 2107.389893 27424.189453 
3575.040039 2111.72998 27597.160156 
3561.889893 2109.600098 27466.720703 
3583.820068 2114.070068 27657.470703 
3556.379883 2095.840088 27551.890625 
3510.01001 2092.830078 27260.160156 
3468.310059 2079.280029 27316.279297 
3456.790039 2080.149902 26989.519531 
3526.47998 2105.199951 26687.640625 
3551.909912 2108.860107 26907.849609 
3502.77002 2094.110107 27280.539063 
3438.070068 2084.429932 26861.810547 
3454.090088 2096.290039 26566.699219 
3428.76001 2100.439941 26753.789063 
3450.449951 2121.23999 26694.660156 
3455.800049 2109.98999 26760.529297 
3596.070068 2122.850098 27080.849609 
3625.969971 2124.199951 27333.460938 
3610.949951 2108.580078 27404.970703 
3610.909912 2102.310059 27145.75 
3621.370117 2101.48999 26663.869141 
3468.899902 2057.639893 25966.980469 
3424.300049 2063.110107 26250.029297 
3463.25 2076.780029 26282.320313 
3365.199951 2068.76001 25236.279297 
3294.189941 2081.340088 24975.310547 
3327.5 2046.680054 23516.560547 
3420.030029 2051.310059 24392.789063 
3528.810059 2076.620117 24901.279297 
3590.429932 2099.600098 25224.009766 
3607.189941 2108.949951 25120.910156 
3623.870117 2107.399902 25055.759766 
3676.409912 2124.290039 25162.779297 
3670.340088 2126.639893 25415.269531 
3686.580078 2128.280029 25404.810547 
3647.959961 2119.209961 25536.429688 
3635.580078 2114.149902 25282.619141 
3634.639893 2102.149902 25398.849609 
3600 2079.649902 25128.509766 
3513.100098 2067.639893 24351.960938 
3554.110107 2093.25 24503.939453 
3575.530029 2108.570068 24619.449219 
3583.790039 2108.629883 24497.980469 
3600.689941 2103.840088 24636.279297 
3635.399902 2098.040039 24411.419922 
3619.310059 2093.320068 24406.119141 
3676.75 2099.840088 24514.160156 
3668.469971 2083.560059 24375.279297 
3637.800049 2077.570068 24552.470703 
3674.939941 2104.179932 24521.119141 
3605.280029 2084.070068 24498.210938 
3484.409912 2086.050049 23916.019531 
3516.149902 2083.389893 24018.800781 
3491.030029 2091.540039 23991.029297 
3497.899902 2102.439941 23814.650391 
3495.379883 2096.919922 23474.970703 
3429.840088 2079.610107 23167.849609 
3353.47998 2035.72998 22757.470703 
3247.26001 1970.890015 22409.619141 
3073.389893 1893.209961 21251.570313 
3218.01001 1867.609985 21404.960938 
3170.72998 1940.51001 21080.390625 
3280.780029 1987.660034 21838.539063 
3286.590088 1988.869995 21612.390625 
3269.629883 1972.180054 21670.580078 
3188.72998 1913.849976 21185.429688 
3198.860107 1948.859985 20934.939453 
3180.25 1921.219971 20840.609375 
3233.840088 1969.410034 21259.039063 
3269.97998 1942.040039 22131.310547 
3221.139893 1952.290039 21562.5 
3187.939941 1961.050049 21504.369141 
3175.620117 1953.030029 21561.900391 
3207.600098 1978.089966 21455.230469 
3251.790039 1995.310059 21966.660156 
3255.790039 1990.199951 21854.630859 
3157.300049 1958.030029 21920.830078 
3184.719971 1966.969971 21756.929688 
3076.050049 1942.73999 21796.580078 
3079.98999 1938.76001 21302.910156 
3019.340088 1932.23999 21095.980469 
3113.159912 1931.339966 21186.320313 
3029.860107 1884.089966 20556.599609 
3100.669922 1920.030029 20846.300781 
3088.179932 1951.359985 21506.089844 
3190.389893 1987.050049 21854.5 
3220.090088 1979.920044 21831.619141 
3226.399902 1995.829956 22515.759766 
3224.959961 2013.430054 22354.910156 
3250.310059 2014.890015 22458.800781 
3247.330078 2017.459961 22730.929688 
3221.280029 2003.689941 22600.460938 
3191.570068 1994.23999 22439.910156 
3238.810059 2023.859985 22888.169922 
3264.929932 2033.109985 23067.369141 
3272.040039 2033.660034 23075.609375 
3255.719971 2030.77002 22989.220703 
3353.110107 2052.51001 22845.369141 
3425.810059 2075.149902 23151.939453 
3414.600098 2071.179932 23116.25 
3381.01001 2065.889893 23142.730469 
3421.090088 2090.350098 22956.570313 
3413.389893 2089.409912 22819.939453 
3418.22998 2079.360107 22640.039063 
3434.5 2104.050049 22370.039063 
3442.679932 2109.790039 22568.429688 
3439.159912 2102.310059 23053.570313 
3447.48999 2099.929932 23051.039063 
3468.209961 2099.199951 22867.330078 
3418.360107 2078.580078 22726.769531 
3425.399902 2081.719971 22401.699219 
3448.419922 2075 22352.169922 
3387.699951 2045.969971 22888.919922 
3360.649902 2023.040039 22396.140625 
3362.22998 2053.189941 22010.820313 
3451.939941 2050.439941 22264.25 
3431.919922 2083.580078 22188.259766 
3448.929932 2081.23999 22500.220703 
3452.449951 2089.169922 22754.720703 
3445.26001 2086.590088 22665.900391 
3409.600098 2089.139893 22587.630859 
3462.060059 2088.870117 22498 
3488.98999 2090.110107 22068.320313 
3506.449951 2080.409912 21996.419922 
3479.639893 2102.629883 22381.349609 
3468.659912 2079.51001 22479.689453 
3343.340088 2049.620117 22417.009766 
3330.75 2091.689941 22235.890625 
3360.209961 2077.070068 22203.220703 
3297.459961 2063.590088 21905.130859 
3277.209961 2047.619995 21803.759766 
3269.969971 2052.22998 21704.609375 
3203.209961 2012.369995 21464.050781 
3139.23999 2021.939941 21309.849609 
3241.51001 2043.410034 21274.369141 
3246.780029 2073.070068 21701.210938 
3306.469971 2041.890015 21872.060547 
3260.719971 2005.550049 21755.560547 
3213.01001 2021.150024 21791.679688 
3214.320068 2038.969971 21830.019531 
3286.679932 2064.290039 22040.589844 
3256.48999 2056.5 21919.619141 
3314.280029 2078.360107 21999.619141 
3287.97998 2063.360107 21882.150391 
3164.76001 2012.660034 21327.119141 
3178.01001 2016.709961 21188.720703 
3139.320068 1990.26001 20980.810547 
3084.679932 1943.089966 20333.339844 
3033.469971 1922.030029 20453.710938 
3027.48999 1923.670044 19888.5 
3064.659912 1938.680054 19711.759766 
3073.02002 1890.280029 19934.880859 
3024 1921.839966 19817.410156 
2952.47998 1880.329956 19520.769531 
2980.48999 1881.329956 19635.810547 
2882.590088 1859.329956 18886.300781 
2943.919922 1868.98999 18542.150391 
3023.209961 1906.900024 19080.509766 
3001.780029 1877.079956 19340.140625 
3032.840088 1903.630005 18860.800781 
3043.469971 1882.949951 19052.449219 
2979.419922 1893.359985 19195.830078 
3045.090088 1940.23999 19683.109375 
3021.01001 1939.380005 19595.5 
2951.850098 1903.030029 19446.839844 
2896.629883 1912.530029 18991.589844 
2905.300049 1915.449951 19183.089844 
2879.389893 1880.050049 19288.169922 
2680.350098 1829.079956 18545.800781 
2756.159912 1864.780029 18319.580078 
2821.26001 1895.579956 19122.080078 
2897.719971 1926.819946 18924.570313 
2895.149902 1917.829956 19363.080078 
2871.050049 1917.780029 19285.5 
2933.909912 1945.5 19464.089844 
2887.379883 1921.27002 19414.779297 
2820.23999 1929.800049 19192.449219 
2877.419922 1951.699951 18888.75 
2929.159912 1948.050049 19364.150391 
2945.75 1932.22998 19111.929688 
2996.389893 1978.349976 19407.460938 
3022.139893 1986.449951 20003.490234 
3012.870117 1993.400024 19941.759766 
3037.350098 1999.98999 20176.699219 
3021.090088 2001.76001 20159.720703 
3002.01001 1979.26001 20011.580078 
3016.179932 1989.26001 19996.259766 
2970.780029 1989.569946 19984.419922 
3073.800049 2022.189941 20199.599609 
3091.97998 2019.640015 20435.339844 
3067.209961 2015.930054 20288.769531 
3062.050049 2027.219971 20257.699219 
3043.100098 2040.589966 20503.810547 
3059.77002 2049.580078 20671.630859 
3048.77002 2051.600098 20684.150391 
3051.22998 2049.800049 20666.75 
3042.419922 2036.709961 20615.230469 
2986.72998 2035.939941 20345.609375 
3004.870117 2055.01001 20366.300781 
3044.100098 2063.949951 20803.390625 
3004.929932 2059.73999 20776.699219 
2953.280029 2072.780029 20498.919922 
2890.350098 2045.170044 20177 
2909.360107 2066.659912 20206.669922 
2871.570068 2041.910034 20266.050781 
2911.97998 2047.599976 20370.400391 
2924.22998 2041.98999 20440.810547 
2942.090088 2061.719971 20504.439453 
3039.189941 2082.419922 21158.710938 
3060.860107 2082.780029 21337.810547 
3054.340088 2080.72998 21316.470703 
3064.030029 2094.340088 21161.5 
3112.98999 2100.800049 21436.210938 
3142.52002 2102.399902 21236.310547 
3151.689941 2091.47998 21622.25 
3141.120117 2091.580078 21467.039063 
3117.620117 2087.790039 21304.439453 
3121.290039 2091.699951 21407.269531 
3130.429932 2095.149902 21361.599609 
3125.429932 2075.810059 21388.029297 
3028.209961 2065.300049 21067.050781 
2974.199951 2063.370117 20676.939453 
2938.75 2051.120117 20525.830078 
2936.840088 2057.139893 20109.869141 
2955.830078 2058.689941 20156.810547 
2978.969971 2084.389893 20242.679688 
2956.709961 2064.459961 20055.289063 
2935.459961 2064.110107 19915.460938 
2956.629883 2046.609985 19719.289063 
2938.090088 2047.209961 20118.800781 
2956.429932 2047.630005 19826.410156 
2919.219971 2040.040039 19694.330078 
2962.159912 2052.320068 19852.199219 
2932.929932 2048.040039 19809.029297 
3010.120117 2076.060059 19830.429688 
3061.600098 2090.540039 20368.050781 
3071.209961 2090.100098 20397.109375 
3078.47998 2099.060059 20576.769531 
3063.47998 2096.949951 20815.089844 
3038.77002 2099.330078 20760.980469 
3033.860107 2105.26001 20859.220703 
2997.550049 2099.129883 20947.240234 
3001.899902 2109.409912 21030.220703 
3040.689941 2112.129883 21328.240234 
3019.76001 2119.120117 21297.880859 
2911.110107 2096.070068 21042.640625 
2853.52002 2079.060059 20512.990234 
2797.179932 2075.320068 20387.529297 
2830.300049 2071.5 20467.519531 
2819.300049 2077.98999 20038.419922 
2849.169922 2071.219971 20169.980469 
2942.879883 2083.25 20510.199219 
2967.340088 2088.899902 20668.439453 
2978.310059 2085.449951 20795.119141 
3037.860107 2113.320068 20868.339844 
2776.090088 2037.410034 20259.130859 
2697.439941 2000.540039 20227.300781 
2758.669922 2036.089966 20172.460938 
2832.179932 2070.77002 20436.119141 
2864.73999 2098.860107 20794.369141 
2812.879883 2088.550049 20750.720703 
2761.370117 2099.72998 20495.289063 
2780.100098 2097.899902 20706.919922 
2838.01001 2129.899902 20564.169922 
2885.320068 2137.159912 20880.5 
2933.439941 2152.139893 21224.740234 
2926.139893 2152.429932 21322.369141 
2963.070068 2163.75 21561.060547 
2958.649902 2161.73999 21659.25 
2949.169922 2166.889893 21803.179688 
2931.100098 2163.780029 21673.199219 
2966.949951 2173.02002 21882.480469 
2968.48999 2165.169922 22000.490234 
2972.22998 2175.030029 21964.269531 
2973.219971 2168.47998 21993.439453 
2978.899902 2169.179932 22129.730469 
2999.47998 2166.580078 22218.990234 
2966.100098 2170.060059 22174.339844 
2990.76001 2173.600098 21891.369141 
2911.060059 2163.790039 21739.119141 
2932.340088 2164.25 21832.230469 
2973.709961 2182.870117 22146.089844 
2982.919922 2180.889893 22494.759766 
3029.179932 2181.73999 22465.609375 
3018.459961 2175.48999 22492.429688 
3049.030029 2185.790039 22580.550781 
3044.939941 2184.050049 22766.910156 
3046.649902 2190.149902 22932.509766 
3016.189941 2178.149902 22910.839844 
2980.540039 2182.219971 22799.779297 
2995.300049 2187.02002 23023.160156 
2968.199951 2183.870117 22937.220703 
2960.370117 2182.639893 22997.910156 
2993.72998 2186.899902 22998.929688 
3008.590088 2175.439941 22820.779297 
2987.689941 2172.469971 22814.949219 
3010.360107 2169.040039 22909.539063 
2998.5 2180.379883 22821.339844 
3030.75 2176.120117 23016.109375 
3023.129883 2170.949951 22976.880859 
3017.48999 2170.860107 23162.339844 
3079.73999 2179.97998 23266.699219 
3070.159912 2186.47998 23787.679688 
3091.659912 2186.159912 23741.810547 
3083.540039 2181.300049 23919.339844 
3053.199951 2127.810059 24099.699219 
3012.879883 2159.040039 23290.599609 
2974.800049 2127.02002 23215.759766 
2964.899902 2125.77002 23190.640625 
2973.77002 2147.26001 23335.589844 
2968.310059 2139.120117 23550.449219 
2964.860107 2139.76001 23530.859375 
2982.179932 2163.120117 23669.900391 
3051.689941 2177.179932 23759.800781 
3032.310059 2164.689941 23686.480469 
2975.879883 2146.100098 23317.919922 
2970.840088 2159.929932 23571.900391 
2991.110107 2171.370117 23619.650391 
2991.580078 2151.129883 23739.470703 
3002.23999 2168.27002 23297.150391 
2998.5 2161.199951 23584.429688 
3029.5 2150.48999 23689.439453 
3026.280029 2159.72998 23788.310547 
3021.580078 2160.77002 23952.5 
3000.570068 2153.73999 23851.820313 
3020.689941 2136.72998 23549.519531 
3008.030029 2139.179932 23407.050781 
2975.040039 2132.550049 23031.300781 
3025.189941 2132.97998 23233.310547 
3008.719971 2126.5 23037.539063 
3046.98999 2139.600098 23394.390625 
3055.939941 2144.290039 23304.970703 
3076.629883 2141.340088 23374.400391 
3093.860107 2151.330078 23604.080078 
3087.409912 2143.159912 23565.109375 
3080.97998 2139.429932 23325.429688 
3085.169922 2133.040039 23132.349609 
3079.23999 2126.409912 22954.810547 
3055.25 2126.149902 22934.539063 
3023.149902 2111.719971 23147.070313 
2980.169922 2097.939941 22810.5 
2973.48999 2088.659912 22683.509766 
2954.530029 2085.179932 22642.619141 
3009.280029 2131.52002 22801.400391 
3023.429932 2139.560059 22909.470703 
3056.290039 2163.26001 22415.189453 
3046.590088 2167.47998 22839.109375 
3030.02002 2164.449951 22531.089844 
3039.800049 2164.199951 22222.220703 
3049.719971 2180.389893 22323.910156 
3026.360107 2176.939941 22280.529297 
3041.790039 2187.120117 22262.880859 
3020.830078 2181.899902 22344.210938 
3032.969971 2198.179932 22357.779297 
3044.330078 2202.939941 22678.070313 
3032.139893 2204.719971 22676.689453 
3048.379883 2213.350098 22723.449219 
3016.800049 2201.719971 22830.570313 
3038.419922 2204.659912 22737.070313 
3051.610107 2198.810059 22789.769531 
3030.97998 2191.080078 22878.230469 
3015.129883 2191.949951 22564.820313 
3052.75 2204.709961 22505.550781 
3100.76001 2212.22998 22675.150391 
3142.23999 2241.350098 22800.919922 
3185.790039 2246.189941 22861.839844 
3197.540039 2259.530029 22760.980469 
3199.110107 2256.959961 22433.019531 
3236.709961 2271.719971 22446.699219 
3211.709961 2253.280029 22456.619141 
3249.73999 2262.030029 22059.400391 
3259.23999 2258.070068 22020.75 
3257.850098 2262.530029 21832.679688 
3279.409912 2270.76001 21729.060547 
3270.75 2265.179932 21809.800781 
3269.51001 2260.959961 21636.199219 
3273.969971 2263.790039 21574.759766 
3278.719971 2249.919922 21754.740234 
3271.76001 2249.26001 21790.910156 
3290.52002 2238.830078 22000.560547 
3315.02002 2257.830078 22150.400391 
3317.52002 2270.75 22134.470703 
3316.469971 2269 22456.689453 
3321.169922 2276.97998 22503.009766 
3308.969971 2268.899902 22558.689453 
3306.209961 2268.899902 22744.849609 
3307.939941 2275.320068 22935.349609 
3286.699951 2270.439941 22829.019531 
3324.340088 2274.639893 22937.380859 
3285.040039 2267.889893 22840.970703 
3294 2271.889893 23098.259766 
3290.330078 2263.689941 23049.960938 
3299.439941 2271.310059 22885.910156 
3273.040039 2265.199951 22898.519531 
3281.530029 2280.070068 22949.859375 
3326.149902 2298.370117 23049.119141 
3319.129883 2296.679932 23374.169922 
3303.330078 2294.689941 23360.779297 
3258.919922 2279.550049 23318.390625 
3253.610107 2280.850098 23184.519531 
3273.110107 2297.419922 23129.210938 
3238.310059 2292.560059 23348.240234 
3235.709961 2293.080078 23331.570313 
3238.040039 2294.669922 23485.130859 
3277.790039 2307.870117 23525.140625 
3270.830078 2316.100098 23574.980469 
3305.22998 2328.25 23710.980469 
3308.889893 2337.580078 23703.009766 
3323.709961 2349.25 23994.869141 
3311.040039 2347.219971 24107.699219 
3308.810059 2351.159912 24033.740234 
3339.330078 2365.379883 23963.630859 
3339.27002 2362.820068 24201.960938 
3333.959961 2363.810059 24114.859375 
3304.090088 2367.340088 23965.699219 
3309.300049 2369.75 23925.050781 
3319.610107 2363.639893 23740.730469 
3390.199951 2395.959961 23776.490234 
3384.709961 2381.919922 23728.070313 
3403.389893 2383.120117 23552.720703 
3387.459961 2375.310059 23596.279297 
3385.120117 2368.389893 23681.070313 
3389.620117 2362.97998 23782.269531 
3409.889893 2364.870117 23501.560547 
3416.27002 2372.600098 23568.669922 
3415.48999 2373.469971 23829.669922 
3399.429932 2365.449951 23827.949219 
3409.320068 2385.26001 23792.849609 
3439.959961 2381.379883 24288.279297 
3448.409912 2378.25 24309.929688 
3437.47998 2373.469971 24501.990234 
3429.620117 2344.02002 24593.119141 
3420.699951 2348.449951 24320.410156 
3452.179932 2345.959961 24327.699219 
3444.149902 2343.97998 24358.269531 
3437.139893 2341.590088 24193.699219 
3465.070068 2358.570068 24345.869141 
3475.27002 2361.129883 24392.050781 
3481.580078 2368.060059 24301.089844 
3500.929932 2362.719971 24111.589844 
3472.939941 2358.840088 24261.480469 
3472.580078 2352.949951 24400.800781 
3489.570068 2357.48999 24273.720703 
3495.800049 2355.540039 24267.300781 
3480.439941 2357.159912 24262.179688 
3470.040039 2353.780029 24088.460938 
3468.51001 2344.929932 24313.5 
3448.26001 2328.949951 24261.660156 
3409.780029 2342.189941 23924.539063 
3420.98999 2338.169922 23825.880859 
3440.030029 2355.840088 24056.980469 
3440.27002 2348.689941 24042.019531 
3577.379883 2374.149902 24139.480469 
3583.159912 2388.610107 24455.939453 
3578.709961 2387.449951 24578.429688 
3563.290039 2388.77002 24698.480469 
3559.590088 2384.199951 24615.130859 
3578.209961 2391.169922 24696.130859 
3627.879883 2389.52002 24683.880859 
3658.790039 2399.290039 24476.349609 
3642.110107 2399.379883 24577.910156 
3649.080078 2396.919922 24889.029297 
3645.73999 2399.629883 25015.419922 
3623.550049 2394.439941 25125.550781 
3637.52002 2390.899902 25156.339844 
3641.879883 2402.320068 25371.589844 
3641.889893 2400.669922 25335.939453 
3584.830078 2357.030029 25293.630859 
3562.219971 2365.719971 25136.519531 
3587.01001 2381.72998 25174.869141 
3576.530029 2394.02002 25391.339844 
3595.030029 2398.419922 25403.150391 
3586.620117 2404.389893 25428.5 
3579.02002 2415.820068 25639.269531 
3554.590088 2411.800049 25660.650391 
3567.02002 2430.060059 25809.220703 
3591.820068 2439.070068 25924.050781 
3554.179932 2429.330078 25997.140625 
3548.840088 2433.139893 25974.160156 
3563.879883 2433.790039 26063.060547 
3586.070068 2431.77002 26030.289063 
3543.949951 2429.389893 25708.039063 
3557.870117 2440.350098 25852.099609 
3547.149902 2437.919922 25875.900391 
3525.459961 2432.459961 25565.339844 
3543.879883 2433.149902 25626.490234 
3579.580078 2453.459961 25924.550781 
3560.659912 2437.030029 25843.039063 
3554.350098 2435.610107 25694.580078 
3555.76001 2434.5 25674.529297 
3543.679932 2438.300049 25670.050781 
3561.76001 2439.070068 25871.890625 
3538.320068 2419.379883 25839.990234 
3535.699951 2440.689941 25683.5 
3471.330078 2419.699951 25965.419922 
3441.879883 2423.409912 25764.580078 
3491.810059 2429.01001 25784.169922 
3478.409912 2432.540039 25521.970703 
3462.060059 2409.75 25465.220703 
3463.840088 2425.179932 25340.849609 
3478.060059 2427.429932 25500.060547 
3464.47998 2425.530029 25877.640625 
3515.22998 2443.25 26043.640625 
3527.830078 2447.830078 26346.169922 
3525.939941 2459.27002 26389.230469 
3516.350098 2459.139893 26470.580078 
3478.679932 2460.610107 26524.939453 
3500.280029 2473.830078 26672.160156 
3499.48999 2473.449951 26740.210938 
3451.709961 2472.540039 26706.089844 
3453.169922 2469.909912 26846.830078 
3473.540039 2477.129883 26852.050781 
3491.189941 2477.830078 26941.019531 
3493.139893 2475.419922 27131.169922 
3467.72998 2472.100098 26979.390625 
3449.360107 2470.300049 27323.990234 
3459.320068 2477.570068 27607.380859 
3466.370117 2472.159912 27531.009766 
3507.409912 2476.830078 27562.679688 
3505.800049 2480.909912 27690.359375 
3515.629883 2474.919922 27854.910156 
3468.449951 2474.02002 27757.089844 
3433.540039 2438.209961 27444 
3406.340088 2441.320068 26883.509766 
3450.659912 2465.840088 27250.230469 
3461.909912 2464.610107 27174.960938 
3484.570068 2468.110107 27409.070313 
3461.969971 2430.01001 27344.220703 
3446.030029 2425.550049 27047.570313 
3423.530029 2428.370117 27154.679688 
3455.590088 2452.51001 27401.669922 
3444.72998 2438.969971 27518.599609 
3438.550049 2443.050049 27848.160156 
3421.030029 2444.23999 27863.289063 
3388.219971 2446.300049 27765.009766 
3403.709961 2457.590088 28094.609375 
3421.469971 2471.649902 27970.300781 
3443.879883 2476.550049 27953.160156 
3420.860107 2457.850098 27741.349609 
3433.800049 2465.540039 27613.759766 
3447.659912 2465.100098 27522.919922 
3447.689941 2461.429932 27668.470703 
3495.189941 2488.110107 27955.130859 
3512.560059 2496.47998 27972.240234 
3523.139893 2498.370117 27894.080078 
3526.47998 2495.620117 27777.199219 
3515.550049 2500.22998 27807.589844 
3526.73999 2503.870117 28159.769531 
3531.179932 2506.649902 28051.410156 
3525.550049 2508.23999 28127.800781 
3539.590088 2500.600098 28110.330078 
3541.419922 2502.219971 27880.529297 
3537.810059 2496.659912 27500.339844 
3536.379883 2496.840088 27513.009766 
3555.169922 2507.040039 27642.429688 
3563.639893 2510.060059 27421.599609 
3594.850098 2519.360107 27554.300781 
3605.72998 2534.580078 28173.210938 
3594.909912 2537.73999 28379.179688 
3603.320068 2549.330078 28458.039063 
3610.5 2544.72998 28326.589844 
3598.790039 2550.639893 28490.830078 
3607.389893 2555.23999 28389.570313 
3605.540039 2550.929932 28459.029297 
3604.550049 2553.169922 28476.429688 
3606.27002 2557.639893 28692.800781 
3607.77002 2559.360107 28697.490234 
3619.649902 2561.26001 28711.759766 
3602.080078 2562.100098 28159.089844 
3605.090088 2575.209961 28487.240234 
3608.870117 2564.97998 28305.880859 
3610.689941 2569.129883 28154.970703 
3591.459961 2557.149902 28302.890625 
3637.199951 2560.399902 28202.380859 
3652.22998 2581.070068 28438.849609 
3662.179932 2572.830078 28336.189453 
3673.949951 2575.26001 28245.539063 
3697.399902 2579.360107 28594.060547 
3688.800049 2579.850098 28518.640625 
3689.959961 2587.840088 28603.609375 
3682.360107 2591.129883 28596.800781 
3658.77002 2590.639893 28994.339844 
3655.040039 2594.379883 28907.599609 
3612.5 2584.620117 29136.570313 
3593.76001 2582.300049 29120.919922 
3574.52002 2584.840088 29182.179688 
3556.379883 2578.870117 29152.119141 
3545.719971 2564.620117 28851.689453 
3564.800049 2585.639893 29018.759766 
3547.459961 2578.850098 29199.039063 
3561.409912 2582.139893 29260.310547 
3579.320068 2599.030029 29818.070313 
3562.649902 2597.080078 30003.490234 
3581.22998 2602.419922 29866.320313 
3564.02002 2601.419922 29686.189453 
3583.48999 2627.040039 29680.849609 
3589.909912 2626.070068 29623.830078 
3569.929932 2647.580078 29177.349609 
3527.550049 2642.219971 29074.240234 
3576.219971 2639.439941 29138.279297 
3570.570068 2629.570068 28842.800781 
3561.570068 2629.27002 28224.800781 
3573.129883 2636.97998 28303.189453 
3591.449951 2651.5 28639.849609 
3582.209961 2659.98999 28965.289063 
3600.350098 2664.110107 28793.880859 
3581.75 2662.850098 29222.099609 
3556.219971 2652.01001 29166.380859 
3560.530029 2675.810059 28848.109375 
3609.419922 2690.159912 29050.410156 
3582.219971 2681.469971 29253.660156 
3552.649902 2679.25 29234.089844 
3570.780029 2684.570068 29367.060547 
3553.389893 2683.340088 29578.009766 
3550.169922 2682.620117 29597.660156 
3524.310059 2687.540039 29863.710938 
3503.959961 2673.610107 29919.150391 
3509.879883 2713.060059 30560.949219 
3568.879883 2723.98999 30736.480469 
3607.629883 2743.149902 30814.640625 
3616.449951 2747.709961 30899.529297 
3622.870117 2751.290039 31011.410156 
3609.830078 2748.22998 31073.720703 
3595.23999 2767.560059 31120.390625 
3612.610107 2786.23999 31412.539063 
3622.01001 2776.419922 31904.75 
3612.780029 2802.560059 31983.410156 
3620.909912 2798.030029 32121.939453 
3649.070068 2810.300049 32254.890625 
3665.280029 2832.969971 32393.410156 
3672.290039 2839.129883 32930.699219 
3643.219971 2837.540039 32958.691406 
3630.149902 2839.25 32654.449219 
3647.409912 2872.870117 33154.121094 
3643.040039 2853.530029 32966.890625 
3606.75 2822.429932 32607.289063 
3609.290039 2823.810059 32887.269531 
3577.350098 2821.97998 32642.089844 
3523.280029 2762.129883 32601.779297 
3478.77002 2648.939941 32245.220703 
3394.919922 2695.139893 30595.419922 
3454.52002 2681.659912 30323.199219 
3377.300049 2581 30451.269531 
3325.98999 2619.550049 29507.419922 
3368.25 2656 29459.630859 
3340.929932 2662.939941 29839.529297 
3369.830078 2698.629883 30515.599609 
3389.629883 2731.199951 31115.429688 
3435.080078 2716.26001 30873.630859 
3430.159912 2701.330078 31431.890625 
3431.98999 2703.959961 30965.679688 
3441.459961 2747.300049 31267.169922 
3463.179932 2779.600098 31498.599609 
3458.030029 2744.280029 31268.660156 
3438.959961 2713.830078 30844.720703 
3399.159912 2677.669922 31044.25 
3324.75 2691.25 30583.449219 
3355.320068 2720.939941 29886.390625 
3357.860107 2728.120117 30510.730469 
3377.360107 2726.800049 30196.919922 
3413.280029 2738.969971 30654.519531 
3420.540039 2786.570068 30996.210938 
3429.47998 2783.02002 31594.330078 
3397.350098 2765.310059 31601.449219 
3390.97998 2749.47998 31435.009766 
3414.129883 2747.330078 31541.099609 
3437.399902 2752.01001 31501.970703 
3394.790039 2712.919922 31513.759766 
3412.080078 2716.939941 31549.929688 
3401.040039 2711.929932 31414.519531 
3348.189941 2643.689941 31071.050781 
3298.070068 2588.26001 30309.289063 
3278.719971 2658.550049 30548.769531 
3316.949951 2612.620117 30790.830078 
3331.25 2605 30022.529297 
3361.5 2640.870117 30093.380859 
3346.929932 2614.449951 30180.099609 
3340.350098 2644.689941 29518.689453 
3408.100098 2604.469971 29844.939453 
3414.850098 2613.159912 30229.580078 
3438.780029 2656.870117 30728.740234 
3419.709961 2642.189941 30897.710938 
3443.969971 2663.98999 30831.279297 
3448 2656.300049 30808.380859 
3441.040039 2677.840088 30315.589844 
3477.909912 2706.389893 30062.75 
3490.889893 2708.639893 30284.25 
3486.600098 2693.129883 30708.439453 
3494.199951 2670.139893 30418.330078 
3513.060059 2670.290039 30254.400391 
3510.879883 2634.560059 30636.240234 
3485.830078 2639.399902 30328.150391 
3506.030029 2666.939941 30007.679688 
3518.780029 2669.909912 30280.669922 
3536.52002 2648.050049 30808.449219 
3553.790039 2635.669922 30723.880859 
3529.120117 2629.72998 30313.369141 
3550.590088 2663.419922 29926.5 
3564.189941 2672.629883 29994.259766 
3557.879883 2671.919922 30402.810547 
3569.73999 2697.790039 30536.140625 
3565.52002 2727.719971 31122.060547 
3565.73999 2730.129883 31541.080078 
3564.290039 2711.449951 31152.029297 
3562.850098 2722.459961 31110.199219 
3592.179932 2720.129883 30942.150391 
3573.76001 2712.969971 31047.910156 
3541.820068 2733.290039 30665.640625 
3521.76001 2727.76001 30760.410156 
3515.360107 2721.330078 30588.039063 
3428.139893 2689.860107 30484.580078 
3441.189941 2724.01001 30056.789063 
3406.649902 2705.27002 30468.560547 
3453.540039 2734.620117 30492.910156 
3469.570068 2746.870117 30997.980469 
3456.790039 2748.800049 31093.449219 
3460.820068 2772.350098 31259.099609 
3459.77002 2770.370117 31512.630859 
3447.300049 2779.030029 30958.210938 
3480.219971 2782 31063.699219 
3475.580078 2786.850098 31103.060547 
3479.560059 2775.629883 30725.150391 
3527.110107 2782.48999 30440.169922 
3505.02002 2779.659912 30309.490234 
3435.300049 2762.590088 29468.150391 
3439.600098 2767.320068 29696.169922 
3403.51001 2749.76001 29296.050781 
3441.600098 2754.879883 29338.699219 
3369.209961 2717.070068 28961.390625 
3368.719971 2723.060059 28881.400391 
3397.129883 2699.629883 28356.259766 
3365.52002 2716.310059 28497.320313 
3395.600098 2718.370117 28955.109375 
3406.340088 2713.219971 28545.570313 
3440.919922 2736.610107 28182.089844 
3448.48999 2759.820068 28315.619141 
3460.439941 2784.169922 28688.5 
3473.310059 2793.840088 28682.25 
3422.350098 2774.02002 28311.689453 
3445.48999 2798.290039 28480.830078 
3454.540039 2801.310059 28525.439453 
3449.080078 2798.429932 28539.660156 
3457.5 2809.550049 28181.679688 
3485.080078 2815.620117 28117.419922 
3471.639893 2804.48999 28010.859375 
3460.030029 2801.830078 28224.480469 
3454.050049 2806.97998 28256.119141 
3483.310059 2820.399902 28662.570313 
3468.449951 2846.070068 28920.900391 
3509.26001 2837.439941 28781.140625 
3527.179932 2818.820068 28804.279297 
3512.310059 2802.600098 28733.130859 
3525.48999 2816.290039 28583.009766 
3469.209961 2827.219971 27714.560547 
3482.399902 2840.350098 27676.320313 
3483.300049 2850.399902 27819.560547 
3504.370117 2858.449951 28248.880859 
3493.600098 2857.699951 28359.140625 
3494.129883 2853.580078 28607.300781 
3426.280029 2833.280029 28366.619141 
3409.679932 2821.929932 27936.570313 
3409.439941 2839.959961 27752.929688 
3359.080078 2818.370117 27323.589844 
3377.560059 2840.689941 27100.060547 
3372.939941 2850.129883 27213.410156 
3393.669922 2857.050049 27598.019531 
3411.659912 2862.959961 27752.789063 
3420.179932 2861.820068 27927.580078 
3419.26001 2856.97998 27790.460938 
3427.439941 2874.689941 27671.869141 
3456.01001 2896.73999 28271.269531 
3447.570068 2897.52002 28351.619141 
3456.129883 2914.040039 28416.439453 
3430.98999 2901.129883 28164.050781 
3392.899902 2901.52002 27888.550781 
3359.360107 2896.719971 27973.339844 
3315.620117 2888.600098 27243.849609 
3295.949951 2878.050049 26974.820313 
3293.360107 2871.679932 26973.470703 
3309.280029 2877.129883 26613.419922 
3311.659912 2887.889893 26422.550781 
3326.600098 2888.919922 26345.039063 
3333.679932 2904.179932 27014.490234 
3344.629883 2904.97998 27286.410156 
3346.110107 2888.800049 26932.849609 
3358.459961 2904.310059 27084.660156 
3368.560059 2907.949951 27407.369141 
3403.120117 2930.75 27477.669922 
3430.810059 2929.669922 27953.580078 
3410.439941 2919.370117 27499.390625 
3433.149902 2905.969971 27816.869141 
3449.790039 2914 27715.669922 
3399.199951 2913.97998 27788.519531 
3388.98999 2923.429932 27126.380859 
3405.47998 2925.51001 27091.259766 
3375.080078 2901.610107 26623.869141 
3345.51001 2885.570068 26572.570313 
3309.719971 2884.429932 26202.570313 
3321.790039 2880.340088 26172.910156 
3266.899902 2785.679932 26193.070313 
3209.189941 2728.370117 25266.369141 
3194.409912 2767.129883 25801.490234 
3210.370117 2750.790039 25445.060547 
3257.340088 2809.919922 25462.259766 
3211.590088 2768.780029 25454.550781 
3210.820068 2767.780029 25561.400391 
3190.090088 2755.879883 26153.150391 
3140.939941 2740.689941 25346.550781 
3130.330078 2656.100098 25249.779297 
3164.399902 2705.570068 24994.460938 
3134.889893 2658.689941 24717.630859 
3154.929932 2641.25 24812.039063 
3147.129883 2682.629883 24585.529297 
3197.51001 2711.73999 24979.689453 
3204.209961 2740.370117 25416 
3214.409912 2723.060059 26486.349609 
3217.370117 2738.310059 25934.390625 
3207.419922 2755.449951 26120.960938 
3246.159912 2813.889893 26147.689453 
3237.600098 2806.830078 26227.720703 
3229.48999 2781.01001 25601.919922 
3194.080078 2726.219971 25633.179688 
3224.820068 2722.179932 25792.869141 
3205.360107 2701.580078 25654.429688 
3190.310059 2730.199951 26103.339844 
3180.73999 2736.27002 26183.529297 
3160.330078 2690.72998 26372 
3116.070068 2641.889893 25840.339844 
3153.909912 2649.929932 25971.470703 
3137.209961 2632.560059 25927.679688 
3172.709961 2673.449951 26376.179688 
3166.419922 2682.169922 26331.960938 
3168.290039 2743.790039 26682.560547 
3174.159912 2737.800049 26451.029297 
3173.129883 2760.169922 26506.75 
3214.98999 2790.370117 27182.039063 
3189.25 2700.060059 27260.439453 
3045.939941 2695.949951 26156.380859 
3058.530029 2633.080078 26063.759766 
3016.98999 2637.719971 25752.380859 
3055.320068 2636.780029 25771.669922 
3107.969971 2651.070068 26186.710938 
3112.169922 2650.540039 26524.349609 
3092.600098 2599.949951 26094.789063 
3063.649902 2545.939941 26087.980469 
3040.129883 2546.159912 25814.25 
3051.379883 2506.959961 25865.390625 
3000.060059 2467.419922 25623.529297 
3000.610107 2416.620117 25753.419922 
2937.360107 2488.830078 25478.880859 
2986.530029 2485.73999 25504.199219 
2954.659912 2447.889893 25064.359375 
3041.850098 2531.939941 25626.029297 
3033.639893 2549.689941 25835.699219 
3054.939941 2574.409912 25875.449219 
3070.23999 2584.959961 26462.320313 
3075.72998 2596.639893 26521.429688 
3070.040039 2596.26001 26667.269531 
3055.179932 2582.610107 26298.330078 
3068.050049 2610.300049 26830.289063 
3077.219971 2616.100098 26902.099609 
3069.350098 2635.959961 26755.630859 
3134.919922 2670.709961 27090.810547 
3112.800049 2632.899902 27005.449219 
3112.129883 2638.699951 27008.199219 
3126.310059 2642.330078 27120.980469 
3163.23999 2664.76001 27569.189453 
3137.27002 2643.850098 27576.960938 
3153.419922 2640 27531.679688 
3161.73999 2681.050049 27642.849609 
3159.429932 2704.100098 27942.470703 
3171.120117 2706.530029 27930.740234 
3165.199951 2724.870117 27990.210938 
3135.620117 2707.879883 27946.320313 
3165.610107 2709.800049 28143.839844 
3190.75 2744.72998 28171.330078 
3202.370117 2753.030029 28497.589844 
3182.659912 2745.72998 28432.050781 
3241.25 2775.600098 27900.839844 
3239.409912 2779.76001 28228.130859 
3259.48999 2784.699951 28514.050781 
3263.699951 2774.879883 28629.919922 
3270.550049 2792.669922 28816.300781 
3280.01001 2796.110107 28959.300781 
3289.320068 2793.899902 28772.060547 
3282.77002 2792.379883 28757.439453 
3298.26001 2784.48999 28633.179688 
3312.100098 2803.689941 28812.169922 
3317.120117 2792.810059 28959.589844 
3327.189941 2789.649902 28961.599609 
3324.669922 2771.449951 29037.599609 
3308.850098 2748.929932 28779.449219 
3283.600098 2743.070068 28228.419922 
3304.439941 2783.300049 28503.300781 
3303.949951 2791.52002 28920.869141 
3323.449951 2810.919922 28807.449219 
3342.030029 2808.47998 28851.390625 
3386.080078 2822.47998 29012.259766 
3387.939941 2832.939941 29409.009766 
3409 2832.570068 29466.279297 
3372.379883 2824.22998 29320.970703 
3367.399902 2854.879883 29071.560547 
3305.72998 2800.709961 29113.359375 
3300.47998 2798.360107 28523.349609 
3319.530029 2818.459961 28566.910156 
3322.040039 2805.370117 28728.25 
3320.290039 2815.439941 28775.210938 
3351.709961 2834.399902 29051.359375 
3385.379883 2867.189941 29562.019531 
3395.699951 2867.23999 29624.669922 
3435.560059 2873.399902 29986.390625 
3441.929932 2879.389893 29936.320313 
3438.060059 2895.77002 30077.150391 
3417.219971 2878.199951 30157.490234 
3424.649902 2888.209961 30119.560547 
3435.340088 2888.320068 29839.449219 
3447.830078 2907.409912 29909.759766 
3450.459961 2905.580078 29810.720703 
3463.360107 2907.060059 30129.869141 
3477.72998 2900.449951 30124.679688 
3499.22998 2905.030029 29963.259766 
3503.850098 2933.679932 29963.240234 
3502.629883 2927.25 29805.830078 
3491.919922 2926.169922 29549.800781 
3500.409912 2939.879883 29605.009766 
3501.939941 2943.030029 29892.810547 
3514.620117 2945.830078 29699.109375 
3488.929932 2917.52002 29944.179688 
3502.47998 2945.639893 30081.550781 
3462.949951 2932.469971 29209.820313 
3401.159912 2884.050049 29363.019531 
3417.26001 2879.419922 29003.199219 
3350.709961 2870.719971 28311.070313 
3361.050049 2881.399902 28550.240234 
3364.379883 2834.409912 28122.019531 
3385.780029 2850.959961 28268.710938 
3438.560059 2876.320068 28275.070313 
3425.639893 2859.530029 27946.460938 
3369.780029 2840.22998 27787.609375 
3386.51001 2864.360107 27657.240234 
3386.719971 2856.27002 27705.939453 
3327.199951 2822.23999 27267.130859 
3350.699951 2826.060059 27353.929688 
3348.860107 2802.389893 27390.810547 
3297.810059 2783.02002 27235.710938 
3280.429932 2752.060059 26901.089844 
3300.219971 2744.449951 26893.859375 
3333.48999 2803.27002 26761.519531 
3339.949951 2826.149902 26895.439453 
3338.409912 2843.48999 26965.279297 
3401.100098 2885.719971 27789.339844 
3386.629883 2879.840088 27308.460938 
3390.5 2891.639893 27294.710938 
3379.189941 2886.97998 27118.349609 
3383.209961 2889.669922 27227.160156 
3452.889893 2917.75 27498.769531 
3454.699951 2926.459961 28202.140625 
3468.080078 2954.179932 28550.429688 
3466.919922 2950.459961 28473.710938 
3455.570068 2945.350098 28513 
3444.360107 2917.379883 28185.980469 
3442.949951 2913.780029 28221.980469 
3442.379883 2924.919922 28621.419922 
3473.689941 2941.76001 28542.619141 
3507.97998 2973.01001 28875.560547 
3540.629883 2995.820068 28855.140625 
3527.97998 2990.409912 28774.830078 
3523.76001 2975.949951 28331.689453 
3509.75 2979.629883 28116.279297 
3501.52002 2993.070068 28204.689453 
3496.72998 2999.909912 28431.800781 
3497.629883 3013.77002 28471.619141 
3502.219971 3014.300049 28554.880859 
3521.360107 3004.040039 28619.619141 
3501.580078 2984.419922 28593.169922 
3482.830078 2995.110107 28461.660156 
3480.179932 2976.610107 28765.400391 
3489.919922 2985.030029 28371.259766 
3532.870117 3005.469971 28466.480469 
3532.899902 3019.560059 28524.039063 
3510.149902 3003.669922 28594.300781 
3524.469971 3025.860107 28397.740234 
3523.580078 3020.969971 28106.410156 
3462.850098 3013.179932 28146.5 
3466.850098 2980.379883 27777.75 
3376.120117 2932.050049 26918.580078 
3310.929932 2844.73999 26151.320313 
3291.659912 2881.77002 25976.240234 
3309.98999 2883.97998 25997.029297 
3375.379883 2938.090088 26120.769531 
3333.73999 2918.649902 25939.300781 
3326.550049 2882.699951 25824.720703 
3357.159912 2926.320068 25281.300781 
3288.699951 2840.600098 25302.279297 
3282.780029 2847.600098 25495.460938 
3329.080078 2888.679932 25734.220703 
3369.189941 2923.649902 26291.839844 
3350.22998 2900.51001 26231.539063 
3394.889893 2924.429932 26270.039063 
3373.669922 2922.949951 26048.720703 
3334.25 2847.110107 26179.330078 
3348.840088 2878.379883 25680.330078 
3370.469971 2869.159912 25664.070313 
3365.379883 2887.939941 25615.480469 
3411.330078 2924.580078 25703.5 
3426.76001 2926.459961 25724.730469 
3420.73999 2906.27002 25527.849609 
3450.830078 2937.780029 26523.230469 
3484.699951 2976 26515.529297 
3495.189941 2978.709961 26690.759766 
3495.02002 2978.429932 26681.400391 
3498.98999 2979.389893 26683.679688 
3516.820068 3000.929932 27159.060547 
3538.860107 3009.570068 27087.630859 
3550.110107 3007.389893 27352.689453 
3518.449951 2997.959961 27124.550781 
3521.26001 3005.699951 26790.240234 
3528.040039 3006.72998 26754.119141 
3552.649902 3006.790039 26468.949219 
3571.389893 2992.070068 26435.669922 
3536.969971 2991.780029 26222.400391 
3532.050049 2966.600098 26281 
3513.030029 2984.870117 25945.349609 
3532.179932 2977.620117 26041.929688 
3545.879883 2961.790039 25954.810547 
3569.449951 2976.73999 26092.269531 
3413.310059 2887.610107 26042.689453 
3417.370117 2910.629883 26110.310547 
3446.709961 2952.01001 25821.029297 
3432.76001 2893.060059 25893.400391 
3462.110107 2919.399902 25682.810547 
3493.959961 2938.129883 25707.929688 
3569.919922 2970.27002 26308.439453 
3556.26001 2966.149902 26521.849609 
3598.649902 2995.679932 26503.929688 
3599.25 2989.689941 26664.279297 
3588.620117 2997.949951 26848.490234 
3579.409912 2986.199951 26719.580078 
3600.080078 3006.719971 26725.679688 
3604.820068 2995.98999 26786.199219 
3606.889893 3004.52002 26566.730469 
3621.370117 3010.290039 26797.949219 
3624.679932 3022.550049 26667.390625 
3625.689941 3039.419922 26891.259766 
3622.090088 3036.889893 26786.759766 
3620.290039 3046.77002 26667.710938 
3604.409912 3037.560059 26906.720703 
3623.73999 3066.909912 27100.759766 
3665.209961 3078.27002 27547.300781 
3676.52002 3074.620117 27683.400391 
3688.73999 3076.780029 27688.640625 
3706.679932 3085.179932 27847.230469 
3699.649902 3093.080078 27651.140625 
3696.820068 3087.01001 26926.550781 
3712.199951 3091.840088 27065.279297 
3699.5 3094.040039 26571.460938 
3688.810059 3096.629883 26323.689453 
3711.610107 3120.459961 26326.660156 
3704.919922 3122.030029 26681.089844 
3696.560059 3120.179932 27093.800781 
3683.879883 3108.459961 26889.609375 
3679.659912 3103.540039 26466.880859 
3687.320068 3110.290039 26595.080078 
3707.679932 3133.639893 26993.039063 
3705.550049 3140.52002 26913.919922 
3712.850098 3153.629883 26954 
3703.580078 3140.97998 26346.490234 
3626.659912 3113.870117 26444.720703 
3610.98999 3093.199951 26391.300781 
3660.02002 3112.76001 26062.560547 
3648.129883 3117.429932 26217.039063 
3692.340088 3145.909912 26498.369141 
3672.179932 3135.959961 26494.730469 
3671.780029 3132.52002 26436.619141 
3687.449951 3141.629883 26645.429688 
3706.350098 3168.570068 26994.140625 
3731.070068 3168.800049 27687.759766 
3772.73999 3191.449951 27508.089844 
3745.280029 3192.52002 27843.710938 
3739 3191.139893 27884.210938 
3739.169922 3205.370117 27800.490234 
3776.560059 3221.219971 27871.349609 
3776.659912 3224.01001 27906.410156 
3782.27002 3240.02002 28225.419922 
3748.469971 3221.290039 28319.390625 
3773.370117 3234.850098 28451.5 
3752.52002 3246.280029 28226.189453 
3759.25 3237.179932 28322.060547 
3772.560059 3253.050049 28087.919922 
3795.879883 3274.699951 28561 
3789.52002 3265.350098 28638.199219 
3779.679932 3288.129883 28954.939453 
3774.879883 3283.149902 28885.140625 
3768.959961 3289.290039 28773.589844 
3774.139893 3316.810059 28883.039063 
3754.13447140385 3288.96328357058 29229.7899550955 
3802.41844235039 3335.14440091605 29430.5056000301 
3845.56209983073 3360.67859142572 29726.0854747147 
3843.58279396078 3374.43371860313 30070.5459911459 
3816.93462159739 3343.80245309534 29841.6166113107 
3846.81070967631 3369.59888917499 29780.675424785 
3858.94708356567 3366.80666621174 30054.2746891723 
3909.05365507786 3397.31989500306 29873.7947136056 
3864.60603707071 3351.56704041836 30074.6383539679 
3852.79506176925 3327.0700062283 29742.7933882921 
3825.5625504912 3293.18194501819 29599.7317190411 
3833.24913758531 3312.29682530135 29806.7563112105 
3789.66408498296 3291.64860055828 29706.1364176834 
3711.40551454428 3227.53882889168 29246.4814368965 
3764.10223637414 3279.28777241135 29387.0219756501 
3748.85400628142 3280.87778424586 29595.1041572129 
3768.83746498911 3283.50313727752 29734.8259876606 
3755.84487160851 3269.82370949847 29749.8844211077 
3811.52904738621 3314.18835998424 29783.86753091 
3803.83891326501 3291.08857528299 29717.35550188 
3864.5469456046 3316.80433230688 29977.0876742588 
3913.57537890523 3342.85353246643 30327.2412395834 
3896.55131708633 3320.61994661739 30196.1967375298 
3940.55961295848 3334.16360745064 30559.5533496458 
3951.74132495188 3365.72956627806 29931.1956009613 
3941.21718669324 3351.3065023155 29544.5715535459 
3892.56614867128 3318.95891291858 29836.1756825277 
3920.52720429569 3336.30775039919 30261.123417607 
3907.29490770384 3330.91293714367 30177.870763581 
3926.52505739636 3345.56682427009 30216.1172532771 
3943.41574545151 3408.38532934393 29849.3100451375 
3935.83061987328 3391.42747470493 29960.4996755339 
3979.01073058745 3402.18634698732 30346.5783837239 
4004.73536424189 3410.51939997612 30332.3893717057 
3993.80798458527 3395.69270792719 30203.8622133894 
4054.04049521672 3418.98108691387 31051.4552898962 
4097.32757076094 3444.52642642339 31129.3120047548 
4078.64086309399 3412.55832188002 30564.8491067409 
4072.42973524965 3392.97241492491 30458.2111815853 
4106.71723665356 3404.46917557144 30956.634584293 
4111.25419364634 3400.06606197811 30847.2513841156 
4118.9127726289 3377.68494281909 30720.8148307563 
4077.71203080784 3332.69978806794 30180.1811419916 
4065.90834968137 3326.29984403483 30165.312728046 
4048.80222398974 3335.24751272414 29920.5666830777 
4055.91656054464 3339.11167972544 30312.7117210063 
4065.05359311172 3378.78734838962 30548.1412476468 
4054.22132871428 3415.65970311832 29861.3268414484 
3994.69040984624 3385.47349424245 29710.3556235059 
3985.37102075149 3384.14063170781 30022.4010001155 
3945.77413275335 3371.2270810889 30019.9629703089 
3964.06184980526 3366.25262887159 30016.4114502229 
3970.872212505 3385.9438205508 29902.5589684054 
3993.79511350946 3399.50789399773 29821.3076486929 
4052.49820314038 3415.67432954924 29590.8960836814 
4057.14344298186 3420.03688980974 29496.4764154316 
4053.73117760012 3415.81921905339 29333.963260116 
4048.067144549 3412.54888043819 28993.1863953967 
4111.82372697247 3454.76432892024 28935.1135625612 
4050.04234574867 3435.49980866 28172.5502329023 
3976.07411143216 3425.03257308915 28184.8730903786 
4022.39533967697 3481.0278008963 28238.5378680018 
4026.96953322069 3488.29337120731 28011.6581513209 
3993.58934892211 3459.22343083693 27925.2110424611 
3977.87724108317 3479.35739630525 27841.1007799349 
3963.29389415251 3494.52198013024 27601.998481079 
4022.0374068072 3508.03573544662 28059.3856383995 
4000.32138776127 3494.18408885335 28333.0039471363 
3945.08750077777 3470.97556533708 27844.1525692373 
3950.44385170124 3476.38497941847 27137.8432380641 
3962.16036019095 3483.10011021394 27082.3371368484 
3957.93828824724 3456.58262007946 26825.269428553 
3922.3776383366 3434.42910022435 26829.3657985391 
3940.20280952674 3444.42158398475 27004.5887373536 
3902.66121950695 3387.01828928875 26980.2666468823 
3905.74285722437 3399.31427502023 26876.3901053546 
3920.39819654724 3404.95915335184 27193.499036541 
3906.28501962603 3388.13019527961 27400.8996677593 
3898.99112844619 3408.96494261966 27317.7678801128 
3911.7748097638 3395.49542561632 27473.0828439615 
3902.4340852295 3359.2514894827 27312.1611740617 
3977.59500838625 3428.44448328478 27209.5648092849 
3890.70588187027 3399.62465030904 27007.2137376786 
3928.58582561362 3430.71901910825 26933.0019756299 
3874.47103193378 3411.8706089572 26558.2979977378 
3876.57464544394 3420.32029679109 26858.5444404774 
3858.78172197527 3408.03675915949 26880.9760192549 
3870.32818186016 3418.58085318953 27345.2511921983 
3844.85923048147 3422.69999065198 27178.4860975552 
3844.85480620156 3429.45387389288 27108.6773764769 
3853.96812001308 3450.14891055911 26990.9263801512 
3860.63356441986 3428.96143117135 27127.0013342209 
3860.8613832876 3456.63810537293 27112.6199938121 
3867.26063799361 3481.75112282291 27034.3826787455 
3844.26713125585 3479.87742501113 26387.3810913593 
3892.0511802282 3517.43655479095 26484.7826735499 
3881.03728582453 3562.99862219915 26321.6700778385 
3860.135969616 3519.77630762637 26245.4654866638 
3879.50168806858 3496.93447404273 26811.3921759514 
3932.7370908208 3529.39117210365 26607.101740664 
3953.82708215435 3510.05446131444 26645.7892359635 
3918.01922193902 3493.62147555423 26299.6839427601 
3928.10131167114 3537.06582639531 26430.9506781975 
3921.72964740942 3546.91395035004 26442.871775901 
3903.53007942078 3519.70047532818 26687.1764140115 
3966.34586665218 3584.81735273952 26925.1970105137 
3976.08985177813 3578.67560018557 26886.3651176864 
4029.1403490274 3588.67708334428 26880.1277300916 
4094.6030417799 3602.95917445307 27473.8453775172 
4089.71044604286 3620.4177535838 27659.1979460118 
4051.31811971267 3609.38565920272 27411.0167933252 
4050.61791599587 3608.04667580367 27768.6133093601 
3968.9569147111 3556.10187544166 27517.0706110563 
4007.62595051789 3594.77705779024 27892.7974275602 
3993.45199200216 3600.88544684737 27842.4497266683 
4001.89157011453 3571.31258582212 27742.7760590718 
3952.47059920558 3587.00853236256 27512.7976981513 
3927.53097795412 3595.0630970234 27490.5439690729 
3887.0217622023 3551.46967122302 26940.7785875736 
3882.53076970294 3544.77012753569 26933.3717296492 
3890.39840040353 3545.1942933975 27054.8907045825 
3873.98409822988 3515.03414980976 26763.095856076 
3882.15752710839 3493.57012428628 26566.6096552644 
3897.69565613345 3513.84068064222 27000.843958784 
3952.36654306822 3536.36795261454 27125.9132834585 
3948.09155147908 3556.69333202395 27401.8714317628 
3913.21144181738 3554.34947356414 26443.1612837477 
3932.96495499206 3517.90661792454 26084.8602608758 
3968.11251882176 3538.95976504959 26061.1039589077 
4005.01065072593 3595.02077101666 25798.5300528023 
3990.86954640475 3578.94985382434 26035.6943790364 
4016.16137994567 3618.11562777334 25790.6031221371 
4070.59400265075 3675.86267558739 25761.664191913 
4106.33933100635 3699.80690587317 25965.5274202001 
4138.79534916066 3714.3938573027 26057.7152066392 
4142.93490957892 3698.55168139042 26312.1250694149 
4106.45848899599 3659.6121681439 26480.6944226146 
4137.63865056528 3683.46628965455 26768.8483151276 
4057.05088370249 3645.33707314338 27087.090275579 
4077.59542438976 3676.17408840683 27246.738666196 
4113.12775601092 3717.08602813938 27581.3988257466 
4135.99947766261 3696.03500442036 27339.3532822498 
4164.23853178005 3719.45000889787 27333.3220102077 
4170.50217213198 3696.80681259627 27315.9655862129 
4159.59157615176 3705.76036602828 27513.8991902083 
4142.1405546414 3695.26893656759 27230.329181986 
4172.4418599592 3674.87212137791 27640.204139654 
4141.11169942973 3672.09819645754 27755.6256811572 
4156.95531787597 3699.57559919705 27758.8597249271 
4211.013141868 3735.2211892499 28253.2263822498 
4282.51973754092 3786.54278669353 28941.0638424218 
4270.86174175639 3779.80844315462 28762.4138911381 
4258.81196579408 3823.89665260308 28917.6201652291 
4311.78353146554 3879.5054078341 29139.1790457447 
4306.20973450786 3901.2767251001 29771.4071752377 
4331.55630494524 3940.27126982787 29505.9522447845 
4322.07128986697 3925.91028383329 29141.310341763 
4369.19620851358 3958.17372754876 29742.7696610405 
4284.56071569523 3919.95964033889 29551.5930982033 
4272.48472316248 3916.14282230785 29411.4072822028 
4282.12117623684 3938.93784897106 29467.6990394594 
4341.17942940273 3967.84447868716 30040.4152065113 
4386.94177379727 3994.63356454346 30338.234261264 
4407.17672882045 4037.31763634107 30828.9488628351 
4427.65274640057 4036.2700596488 31231.0592301858 
4392.23529203049 4009.15746969461 31348.6384349199 
4398.79381466589 4003.06617855991 31438.971226399 
4397.4874702297 4006.2134923788 31397.7360491515 
4437.7638880824 4033.48225745815 31807.4423634161 
4492.71089463919 4036.87340109232 32009.0717139995 
4510.96617192104 4047.46942756883 31488.4174606282 
4530.19696495835 4068.39978631928 31366.5978027006 
4544.84736794508 4126.99709291705 31487.9320862385 
4476.09376165438 4104.18174975756 31497.3592438161 
4485.98813714034 4089.5988913175 31713.639244223 
4477.44714557567 4090.06396520321 31544.4377152996 
4415.29765850784 4071.03662659224 31265.8526849926 
4444.62065908802 4083.78306200218 31618.6590458144 
4530.09430557237 4153.16168410631 32225.8343735899 
4512.37003568962 4139.46135378016 32017.3770809491 
4564.05142443948 4195.11748481119 32323.3139499414 
4597.17351979975 4223.36965760437 32047.4152611981 
4602.10936705983 4190.1937209206 31601.999812375 
4597.4890503932 4223.59365404322 31654.3385715547 
4512.73867373558 4141.35362284107 31390.8486715605 
4504.72134961201 4140.06734130279 31027.5527017985 
4532.79838532895 4180.15140374769 31115.357275654 
4501.06995173168 4162.74571007663 30721.416222842 
4512.02860233247 4146.36845444608 30406.1390618089 
4556.14353117867 4150.12452806357 30738.5872394215 
4569.24707800221 4163.53838719586 31330.0290411565 
4515.32686542869 4121.71977809279 30783.1552051641 
4505.60309437411 4111.66373119715 30554.4489287822 
4529.75251541168 4134.99337415206 30720.2930726325 
4468.97678999506 4105.08040537239 29966.6296202925 
4459.83897371311 4106.91389511379 30124.1782404432 
4463.37971459069 4096.31131068292 30014.2017712474 
4487.06812313165 4127.9441601071 30107.5500644637 
4419.13023172768 4085.9514923542 30249.8491055827 
4427.21938655884 4149.9277328518 30295.4355393516 
4453.91503548124 4161.06936215758 30320.3896828879 
4474.61616417152 4170.52412737562 30187.354065906 
4485.53910470071 4186.4967585051 30181.8498247698 
4585.7689817291 4249.13581164002 30615.117912404 
4594.97468815574 4239.32970462582 30499.6268826747 
4625.39493762015 4307.33801478379 30935.8289646665 
4677.189812287 4352.56017169499 31213.1986915868 
4664.57299369959 4385.8627955546 31320.39677371 
4740.82248565249 4429.30887329293 31608.8439535874 
4784.76623957966 4420.85309893946 31621.7113345106 
4770.22232255476 4447.28921968262 31568.6534219145 
4802.76345798466 4511.0608147819 32009.4596075133 
4806.89661694944 4501.01824834591 31766.2235325196 
4798.15214745918 4485.22277045596 31486.3589314587 
4844.23454917857 4547.1841491756 31355.6785261867 
4900.86780762434 4600.57336625374 31587.3212003709 
4914.1347338763 4655.5617269242 31947.4697254951 
4904.9680215541 4646.55613114973 32232.1134427762 
4933.07311545949 4607.54456476437 31980.2392092124 
4940.76114501493 4615.55651745024 31966.3814527411 
4946.54035698764 4639.88658409323 31989.5666460424 
4860.32779121135 4559.29081221684 31994.6707538863 
4910.07957361397 4576.90225094414 32325.2946605473 
4895.52058495812 4550.89355609017 32145.4454414364 
4928.22398902947 4612.57417378268 32463.3852144463 
4893.0986699452 4544.20581308321 32267.2086213983 
4878.27765248954 4537.02574967199 32102.65265814 
4932.20129907623 4547.78721743282 31827.1650788361 
4936.73734224402 4544.74868380632 31997.6498846863 
4972.26736359226 4557.64120895363 31922.4049736291 
4929.97017787634 4500.10543239883 31597.9356425846 
4985.25515853088 4521.99370503945 31876.0625716084 
5002.08369004901 4546.62904294934 32238.7021384499 
5027.06531316186 4537.3774023928 32455.4900156978 
4978.99341651222 4496.31053191019 32523.8304090859 
5072.94588997861 4536.20111342892 33019.908519795 
5112.48627294637 4528.22809275562 32917.539814257 
5078.37766082302 4525.41789844661 33117.5138578154 
5094.83483046511 4525.88969168427 33270.7045040096 
5037.54561064458 4467.74836813782 33168.6009793474 
5015.41947999314 4476.80637401724 33286.2344361298 
5004.1605712253 4480.2111834577 32654.0458140221 
4974.42399767962 4441.47491292557 32636.3376509397 
4999.19686819971 4434.44883757045 33032.9675623307 
5007.32539534843 4437.19751632748 33448.3566826804 
5011.61609562749 4438.79058670292 33188.912986309 
5048.08077796117 4468.98262519774 33099.0260812998 
5047.03025954696 4452.36561252428 33274.5462432252 
5016.20376002226 4450.16619276179 33320.9773104478 
5020.47196513278 4454.58109923483 33107.27003251 
5028.12070164902 4495.72720657394 33103.9351553608 
5065.34779266754 4501.49192155444 32038.9954443352 
5117.30246233373 4492.62807915244 32589.2273334869 
5143.18509710719 4515.48165278142 32503.7591498847 
5108.39012485019 4502.67743012546 32251.378980707 
5062.7389675448 4476.80573091968 32723.6311207749 
5063.87854524652 4505.59728008153 32765.8592723058 
4968.04428124177 4401.72371336491 32405.7777087726 
5013.13674488878 4417.90382465352 32602.8267452232 
4996.77659502028 4359.74276428628 32547.03701175 
5024.08166206395 4411.17023010913 32518.305336654 
5050.07868531539 4471.18011962599 31992.7191886593 
5025.83420799949 4497.68232180528 32057.2576731731 
5068.21101939743 4557.08155223205 31625.766317759 
5093.30614353905 4605.16151040516 31636.1538475292 
5050.41937252948 4591.29737396118 31218.0587131988 
5047.03033240055 4606.24905541794 31555.7583079452 
5112.76745495218 4616.29629527891 32351.9379136394 
5179.45487546948 4660.29583051506 32694.4780979527 
5293.27466528038 4715.12176988648 33615.8813421154 
5299.47945712976 4700.38466671813 34134.5643635261 
5309.87649902574 4682.10117778111 34380.7353063504 
5264.25810901388 4583.45892984464 33999.7550659431 
5270.09710081172 4617.5762114222 33674.2053652564 
5217.97672569013 4593.85115954225 33606.8578086523 
5202.83728654249 4581.64670886865 34159.6833384502 
5259.02390852104 4646.54818055356 34817.5297706393 
5261.99469330624 4654.28783653702 35131.0320261142 
5256.53879880151 4627.59100404591 35067.4130489924 
5205.78839394173 4628.78275067215 35586.760495908 
5148.35196745205 4586.19596992298 35538.2031440937 
5080.27729265043 4545.33398894434 36160.7714948752 
5104.82178607793 4570.61266055241 36215.3098377685 
5165.3528155795 4626.83011659662 36784.8681996098 
5133.39487289529 4634.83901150841 36506.13264448 
5175.1743578187 4656.63609867197 36829.8812107984 
5132.05007645252 4606.63763052997 36706.0665991819 
5167.817351986 4618.75332945962 37090.0240301932 
5143.52420482197 4634.72766659709 36640.8017411434 
5163.76749544579 4666.94918216356 36943.0251183364 
5153.55327351804 4680.8926807018 36638.4704215694 
5137.98608564058 4719.79561619868 36208.0472886424 
5136.78637949941 4748.54880927025 36970.1352413772 
5196.15741544447 4826.92793737037 36715.4695175499 
5232.05301862723 4835.88541479073 37142.2418804248 
5247.34183058673 4857.5667292675 37067.8679704312 
5246.87381248774 4881.34751270889 37144.2502947759 
5288.05391257731 4942.68852461575 37359.3350638498 
5295.21255270271 4963.76981307903 37471.2672867196 
5258.82989535439 4952.0793707351 37245.5608459967 
5300.84574491586 4966.81856295198 37502.1551329085 
5296.41537844926 4938.82634771411 37276.7320750482 
5294.54265113057 4975.68258314327 37367.5002132548 
5295.33536779982 5052.51515138219 37879.6877426716 
5291.01860497426 5050.63983975485 37415.4048338439 
5358.26380096942 5092.10345778651 37235.7989057372 
5291.29905280947 5019.58608281229 37442.4809985692 
5286.43226800178 5006.11097476076 37736.5406169939 
5335.0684509198 5022.35141682376 37954.4827712393 
5335.88067247566 5089.72339614488 37759.9545232376 
5341.91628123856 5114.77627762287 37569.5179180123 
